CTOE=True
Help=False
SnapUV=True
UseUVs=True
VMode=1
PMode=1
PCol=0.145098,0.1764706,0.2666667,0
HCol0=0.145098,0.1764706,0.2666667,0
HCol1=0.1686275,0.2078431,0.3137255,0
HCol2=0.2078432,0.2156863,0.2941177,0
HCol3=0.1568628,0.1529412,0.2039216,0
HCol4=0.2156863,0.2235294,0.3019608,0
HCol5=0.3294118,0.3019608,0.3215686,0
HCol6=0.372549,0.3490196,0.3490196,0
HCol7=0.2980392,0.2980392,0.3372549,0
HCol8=0.1137255,0.1411765,0.2156863,0
HCol9=0.1764706,0.2156863,0.3215686,0
HCol10=0.7058824,0.6352941,0.5490196,0
HCol11=0.1960784,0.2627451,0.4431373,0
HCol12=0.2745098,0.3411765,0.5215687,0
HCol13=0,0,1,0
